1400 0.0182658
1400.5 0.0295051
1401 0.0790732
1401.5 0.244732
1402 0.402052
1402.5 0.375439
1403 0.323852
1403.5 0.221623
1404 0.108278
1404.5 0.0883578
1405 0.208021
1405.5 0.370804
1406 0.326227
1406.5 0.139088
1407 0.151405
1407.5 0.332426
1408 0.345133
1408.5 0.224704
1409 0.121051
1409.5 0.166464
1410 0.291143
1410.5 0.343476
1411 0.34776
1411.5 0.379656
1412 0.387492
1412.5 0.511004
1413 0.472479
1413.5 0.299058
1414 0.168962
1414.5 0.159724
1415 0.282783
1415.5 0.482712
1416 0.582151
1416.5 0.517939
1417 0.447087
1417.5 0.450943
1418 0.429727
1418.5 0.235179
1419 0.152782
1419.5 0.258032
1420 0.385011
1420.5 0.446093
1421 0.510942
1421.5 0.615196
1422 0.601385
1422.5 0.435876
1423 0.29341
1423.5 0.344917
1424 0.548917
1424.5 0.591602
1425 0.485129
1425.5 0.473135
1426 0.616512
1426.5 0.618586
1427 0.482538
1427.5 0.377153
1428 0.329802
1428.5 0.422464
1429 0.584672
1429.5 0.656753
1430 0.718859
1430.5 0.583399
1431 0.359551
1431.5 0.265427
1432 0.298514
1432.5 0.463497
1433 0.572961
1433.5 0.487205
1434 0.431358
1434.5 0.535779
1435 0.567272
1435.5 0.554977
1436 0.543113
1436.5 0.502092
1437 0.347959
1437.5 0.322613
1438 0.518691
1438.5 0.599567
1439 0.513058
1439.5 0.537066
1440 0.591137
1440.5 0.555748
1441 0.508018
1441.5 0.582744
1442 0.55064
1442.5 0.502424
1443 0.649596
1443.5 0.68478
1444 0.64292
1444.5 0.589439
1445 0.399311
1445.5 0.369792
1446 0.524467
1446.5 0.591628
1447 0.670612
1447.5 0.776361
1448 0.761809
1448.5 0.743207
1449 0.717842
1449.5 0.549692
1450 0.33413
1450.5 0.328007
1451 0.522902
1451.5 0.640633
1452 0.640543
1452.5 0.681365
1453 0.788252
1453.5 0.841438
1454 0.811162
1454.5 0.729578
1455 0.648919
1455.5 0.73331
1456 0.796379
1456.5 0.801711
1457 0.787371
1457.5 0.779481
1458 0.836879
1458.5 0.868844
1459 0.860594
1459.5 0.76257
1460 0.672719
1460.5 0.72007
1461 0.719251
1461.5 0.762493
1462 0.783023
1462.5 0.679302
1463 0.638266
1463.5 0.779357
1464 0.866196
1464.5 0.764058
1465 0.622392
1465.5 0.615215
1466 0.595599
1466.5 0.586142
1467 0.672463
1467.5 0.717267
1468 0.775273
1468.5 0.758927
1469 0.64507
1469.5 0.603808
1470 0.522786
1470.5 0.448196
1471 0.577066
1471.5 0.612247
1472 0.54925
1472.5 0.658964
1473 0.695188
1473.5 0.714697
1474 0.837554
1474.5 0.878406
1475 0.787368
1475.5 0.681207
1476 0.690853
1476.5 0.666966
1477 0.671854
1477.5 0.642006
1478 0.735258
1478.5 0.765439
1479 0.710005
1479.5 0.686239
1480 0.645395
1480.5 0.717804
1481 0.754964
1481.5 0.687487
1482 0.738327
1482.5 0.830786
1483 0.867131
1483.5 0.827764
1484 0.756015
1484.5 0.777269
1485 0.778979
1485.5 0.788004
1486 0.755046
1486.5 0.710234
1487 0.732117
1487.5 0.77364
1488 0.823345
1488.5 0.861978
1489 0.853718
1489.5 0.852199
1490 0.909343
1490.5 0.89273
1491 0.813929
1491.5 0.83643
1492 0.882232
1492.5 0.89329
1493 0.904337
1493.5 0.903353
1494 0.898166
1494.5 0.880752
1495 0.876802
1495.5 0.856225
1496 0.858566
1496.5 0.914329
1497 0.917751
1497.5 0.896058
1498 0.91699
1498.5 0.936617
1499 0.939344
1499.5 0.942172
1500 0.958823
1500.5 0.9592
1501 0.948738
1501.5 0.938198
1502 0.939709
1502.5 0.913955
1503 0.879139
1503.5 0.859982
1504 0.878755
1504.5 0.897549
1505 0.93501
1505.5 0.962684
1506 0.976215
1506.5 0.973521
1507 0.959952
1507.5 0.943094
1508 0.89599
1508.5 0.884349
1509 0.942267
1509.5 0.972479
1510 0.96592
1510.5 0.965053
1511 0.971511
1511.5 0.972894
1512 0.960213
1512.5 0.953126
1513 0.950918
1513.5 0.946956
1514 0.957891
1514.5 0.968486
1515 0.976872
1515.5 0.973936
1516 0.957064
1516.5 0.948699
1517 0.95292
1517.5 0.966923
1518 0.965925
1518.5 0.957032
1519 0.960034
1519.5 0.970307
1520 0.975251
1520.5 0.981613
1521 0.981491
1521.5 0.978196
1522 0.98277
1522.5 0.985015
1523 0.982878
1523.5 0.98062
1524 0.975802
1524.5 0.977136
1525 0.978351
1525.5 0.976528
1526 0.975362
1526.5 0.973435
1527 0.975165
1527.5 0.9815
1528 0.983165
1528.5 0.98008
1529 0.980223
1529.5 0.980214
1530 0.9793
1530.5 0.978505
1531 0.976402
1531.5 0.979928
1532 0.981599
1532.5 0.980645
1533 0.978815
1533.5 0.976076
1534 0.975003
1534.5 0.972999
1535 0.973983
1535.5 0.975251
1536 0.978159
1536.5 0.979881
1537 0.981963
1537.5 0.984614
1538 0.984251
1538.5 0.980675
1539 0.977388
1539.5 0.979098
1540 0.980488
1540.5 0.979155
1541 0.97733
1541.5 0.978619
1542 0.981192
1542.5 0.982673
1543 0.983579
1543.5 0.982744
1544 0.982159
1544.5 0.985237
1545 0.986865
1545.5 0.98637
1546 0.98659
1546.5 0.987504
1547 0.987766
1547.5 0.988067
1548 0.988503
1548.5 0.98858
1549 0.988511
1549.5 0.988387
1550 0.988241
1550.5 0.987933
1551 0.987461
1551.5 0.986913
1552 0.987785
1552.5 0.988709
1553 0.988953
1553.5 0.988558
1554 0.988111
1554.5 0.988584
1555 0.989136
1555.5 0.989266
1556 0.989182
1556.5 0.989136
1557 0.989105
1557.5 0.989103
1558 0.989037
1558.5 0.988843
1559 0.988835
1559.5 0.988905
1560 0.98898
1560.5 0.988916
1561 0.989007
1561.5 0.988556
1562 0.987646
1562.5 0.98802
1563 0.988733
1563.5 0.988518
1564 0.988304
1564.5 0.988801
1565 0.988709
1565.5 0.988188
1566 0.987991
1566.5 0.98718
1567 0.985312
1567.5 0.982094
1568 0.977853
1568.5 0.970784
1569 0.959742
1569.5 0.946018
1570 0.93132
1570.5 0.923104
1571 0.919947
1571.5 0.90735
1572 0.90532
1572.5 0.915406
1573 0.920621
1573.5 0.931444
1574 0.948084
1574.5 0.961417
1575 0.96648
1575.5 0.955671
1576 0.948006
1576.5 0.944068
1577 0.938931
1577.5 0.929109
1578 0.919922
1578.5 0.92829
1579 0.940001
1579.5 0.946257
1580 0.950917
1580.5 0.955478
1581 0.959929
1581.5 0.964473
1582 0.968507
1582.5 0.972051
1583 0.975819
1583.5 0.979248
1584 0.981938
1584.5 0.984024
1585 0.986096
1585.5 0.987243
1586 0.986673
1586.5 0.986602
1587 0.987391
1587.5 0.98831
1588 0.988843
1588.5 0.989181
1589 0.989285
1589.5 0.989082
1590 0.988858
1590.5 0.989061
1591 0.989017
1591.5 0.988673
1592 0.988635
1592.5 0.989228
1593 0.989484
1593.5 0.98891
1594 0.988188
1594.5 0.988682
1595 0.989099
1595.5 0.98857
1596 0.987696
1596.5 0.986849
1597 0.985139
1597.5 0.982802
1598 0.978794
1598.5 0.971593
1599 0.960964
1599.5 0.948471
1600 0.939929
1600.5 0.933449
1601 0.921323
1601.5 0.916377
1602 0.912173
1602.5 0.913584
1603 0.913627
1603.5 0.926985
1604 0.938713
1604.5 0.952562
1605 0.968829
1605.5 0.970452
1606 0.961552
1606.5 0.951907
1607 0.942137
1607.5 0.928463
1608 0.918646
1608.5 0.926169
1609 0.935019
1609.5 0.939045
1610 0.94202
1610.5 0.946476
1611 0.950938
1611.5 0.955863
1612 0.961333
1612.5 0.966113
1613 0.970479
1613.5 0.974913
1614 0.979027
1614.5 0.981935
1615 0.981713
1615.5 0.981152
1616 0.981358
1616.5 0.982551
1617 0.984233
1617.5 0.9853
1618 0.985728
1618.5 0.985991
1619 0.986906
1619.5 0.987613
1620 0.987804
1620.5 0.987872
1621 0.987991
1621.5 0.988379
1622 0.988582
1622.5 0.988513
1623 0.988079
1623.5 0.987697
1624 0.988427
1624.5 0.988864
1625 0.987957
1625.5 0.987153
1626 0.987783
1626.5 0.987884
1627 0.986834
1627.5 0.985909
1628 0.986295
1628.5 0.987462
1629 0.987842
1629.5 0.985818
1630 0.982519
1630.5 0.984299
1631 0.986778
1631.5 0.986614
1632 0.983318
1632.5 0.9803
1633 0.983517
1633.5 0.986564
1634 0.986351
1634.5 0.981612
1635 0.976188
1635.5 0.981247
1636 0.985468
1636.5 0.982445
1637 0.973984
1637.5 0.972199
1638 0.979949
1638.5 0.983165
1639 0.98044
1639.5 0.970716
1640 0.958906
1640.5 0.969018
1641 0.979548
1641.5 0.979741
1642 0.966505
1642.5 0.951378
1643 0.966556
1643.5 0.980842
1644 0.981843
1644.5 0.967884
1645 0.95191
1645.5 0.968654
1646 0.982705
1646.5 0.98385
1647 0.980092
1647.5 0.967236
1648 0.955752
1648.5 0.966852
1649 0.97582
1649.5 0.97626
1650 0.965483
1650.5 0.953207
1651 0.967289
1651.5 0.980384
1652 0.984549
1652.5 0.982999
1653 0.972304
1653.5 0.96506
1654 0.97657
1654.5 0.983672
1655 0.983086
1655.5 0.978018
1656 0.973504
1656.5 0.980494
1657 0.98635
1657.5 0.987738
1658 0.9881
1658.5 0.985769
1659 0.982663
1659.5 0.985513
1660 0.988849
1660.5 0.988228
1661 0.98572
1661.5 0.98315
1662 0.980597
1662.5 0.984246
1663 0.986856
1663.5 0.988078
1664 0.985531
1664.5 0.959255
1665 0.908711
1665.5 0.897314
1666 0.926855
1666.5 0.953179
1667 0.972946
1667.5 0.981939
1668 0.983749
1668.5 0.984893
1669 0.986325
1669.5 0.987059
1670 0.98643
1670.5 0.985269
1671 0.983705
1671.5 0.986263
1672 0.98877
1672.5 0.989171
1673 0.988123
1673.5 0.982308
1674 0.975875
1674.5 0.981749
1675 0.986634
1675.5 0.988406
1676 0.98792
1676.5 0.97966
1677 0.971189
1677.5 0.979059
1678 0.986275
1678.5 0.98896
1679 0.989447
1679.5 0.988294
1680 0.982661
1680.5 0.975576
1681 0.981746
1681.5 0.988253
1682 0.98966
1682.5 0.988222
1683 0.977669
1683.5 0.965623
1684 0.976722
1684.5 0.986977
1685 0.988614
1685.5 0.988791
1686 0.987281
1686.5 0.980249
1687 0.973817
1687.5 0.98151
1688 0.987845
1688.5 0.987496
1689 0.985894
1689.5 0.978058
1690 0.96635
1690.5 0.970879
1691 0.978274
1691.5 0.98258
1692 0.984565
1692.5 0.986965
1693 0.983317
1693.5 0.976923
1694 0.98093
1694.5 0.98562
1695 0.988422
1695.5 0.988097
1696 0.979638
1696.5 0.96463
1697 0.962802
1697.5 0.977895
1698 0.986364
1698.5 0.985248
1699 0.981002
1699.5 0.980117
1700 0.976469
1700.5 0.970455
1701 0.978397
1701.5 0.98349
1702 0.981237
1702.5 0.97769
1703 0.976689
1703.5 0.980236
1704 0.982253
1704.5 0.979647
1705 0.974645
1705.5 0.974475
1706 0.973164
1706.5 0.96914
1707 0.966763
1707.5 0.960722
1708 0.950211
1708.5 0.955869
1709 0.972637
1709.5 0.979102
1710 0.977166
1710.5 0.981858
1711 0.986033
1711.5 0.986019
1712 0.985135
1712.5 0.984127
1713 0.979111
1713.5 0.961674
1714 0.948441
1714.5 0.967582
1715 0.97287
1715.5 0.964886
1716 0.976172
1716.5 0.985488
1717 0.987701
1717.5 0.98845
1718 0.988137
1718.5 0.987813
1719 0.987079
1719.5 0.984196
1720 0.97503
1720.5 0.947595
1721 0.92763
1721.5 0.955878
1722 0.973932
1722.5 0.96329
1723 0.945795
1723.5 0.945736
1724 0.937591
1724.5 0.950431
1725 0.968764
1725.5 0.970497
1726 0.972917
1726.5 0.976819
1727 0.978687
1727.5 0.974726
1728 0.962835
1728.5 0.96168
1729 0.976169
1729.5 0.983879
1730 0.981524
1730.5 0.977396
1731 0.955152
1731.5 0.906473
1732 0.901547
1732.5 0.95339
1733 0.982971
1733.5 0.985517
1734 0.982026
1734.5 0.968137
1735 0.943514
1735.5 0.932558
1736 0.93592
1736.5 0.946786
1737 0.970404
1737.5 0.981058
1738 0.982802
1738.5 0.982173
1739 0.968244
1739.5 0.950772
1740 0.95727
1740.5 0.934531
1741 0.900423
1741.5 0.939953
1742 0.978059
1742.5 0.985363
1743 0.983126
1743.5 0.957638
1744 0.928196
1744.5 0.957197
1745 0.979616
1745.5 0.958428
1746 0.886336
1746.5 0.823963
1747 0.8729
1747.5 0.952402
1748 0.982005
1748.5 0.984467
1749 0.984854
1749.5 0.984691
1750 0.978673
1750.5 0.942918
1751 0.90373
1751.5 0.94372
1752 0.977907
1752.5 0.982111
1753 0.984749
1753.5 0.980681
1754 0.944475
1754.5 0.898315
1755 0.93007
1755.5 0.965669
1756 0.942015
1756.5 0.87809
1757 0.869573
1757.5 0.938115
1758 0.979783
1758.5 0.987153
1759 0.987473
1759.5 0.981844
1760 0.953755
1760.5 0.922644
1761 0.950158
1761.5 0.953117
1762 0.909506
1762.5 0.903529
1763 0.948445
1763.5 0.976703
1764 0.975558
1764.5 0.932292
1765 0.806176
1765.5 0.730945
1766 0.855803
1766.5 0.95234
1767 0.970296
1767.5 0.96343
1768 0.955764
1768.5 0.952734
1769 0.936353
1769.5 0.908195
1770 0.895274
1770.5 0.916848
1771 0.956781
1771.5 0.970486
1772 0.964232
1772.5 0.958184
1773 0.92279
1773.5 0.854989
1774 0.861974
1774.5 0.907158
1775 0.894704
1775.5 0.830802
1776 0.842625
1776.5 0.914352
1777 0.948304
1777.5 0.906635
1778 0.800821
1778.5 0.753629
1779 0.866342
1779.5 0.940813
1780 0.906384
1780.5 0.796631
1781 0.761922
1781.5 0.86563
1782 0.942207
1782.5 0.95508
1783 0.930614
1783.5 0.853997
1784 0.707038
1784.5 0.65036
1785 0.736532
1785.5 0.76086
1786 0.785341
1786.5 0.787807
1787 0.854156
1787.5 0.931424
1788 0.929864
1788.5 0.899999
1789 0.929685
1789.5 0.905874
1790 0.800024
1790.5 0.74296
1791 0.761828
1791.5 0.762795
1792 0.746733
1792.5 0.733631
1793 0.658701
1793.5 0.660534
1794 0.771106
1794.5 0.796201
1795 0.760103
1795.5 0.751615
1796 0.712658
1796.5 0.673753
1797 0.750682
1797.5 0.78458
1798 0.859211
1798.5 0.879777
1799 0.723944
1799.5 0.484184
1800 0.361697
1800.5 0.331186
1801 0.389406
1801.5 0.462742
1802 0.498595
1802.5 0.555835
1803 0.575396
1803.5 0.629685
1804 0.730049
1804.5 0.761905
1805 0.58305
1805.5 0.343243
1806 0.312464
1806.5 0.45737
1807 0.492374
1807.5 0.611227
1808 0.655656
1808.5 0.62136
1809 0.683702
1809.5 0.627407
1810 0.389361
1810.5 0.297035
1811 0.385984
1811.5 0.378028
1812 0.311473
1812.5 0.290768
1813 0.461324
1813.5 0.672613
1814 0.657443
1814.5 0.414549
1815 0.243571
1815.5 0.268941
1816 0.33937
1816.5 0.411837
1817 0.537255
1817.5 0.516641
1818 0.356988
1818.5 0.380559
1819 0.379275
1819.5 0.20287
1820 0.0822737
1820.5 0.090623
1821 0.0921756
1821.5 0.0877235
1822 0.173944
1822.5 0.384473
1823 0.614751
1823.5 0.698613
1824 0.613904
1824.5 0.445023
1825 0.311664
1825.5 0.159428
1826 0.11072
1826.5 0.238333
1827 0.332354
1827.5 0.238886
1828 0.104767
1828.5 0.0922988
1829 0.155839
1829.5 0.133825
1830 0.104601
1830.5 0.0846307
1831 0.121129
1831.5 0.182697
1832 0.144015
1832.5 0.147301
1833 0.23052
1833.5 0.230209
1834 0.125636
1834.5 0.0445318
1835 0.0255362
1835.5 0.0137471
1836 0.0170661
1836.5 0.0301855
1837 0.0173923
1837.5 0.0177556
1838 0.0644389
1838.5 0.108682
1839 0.0686669
1839.5 0.0237869
1840 0.0329318
1840.5 0.0525887
1841 0.0274417
1841.5 0.0096334
1842 0.0426474
1842.5 0.106862
1843 0.12661
1843.5 0.17987
1844 0.304305
1844.5 0.358071
1845 0.293314
1845.5 0.153285
1846 0.0437115
1846.5 0.00614969
1847 0.00109069
1847.5 0.0010281
1848 0.00778898
1848.5 0.0419141
1849 0.0947779
1849.5 0.0941115
1850 0.0602244
1850.5 0.122431
1851 0.264539
1851.5 0.278642
1852 0.161656
1852.5 0.0488355
1853 0.00965949
1853.5 0.0118574
1854 0.0389144
1854.5 0.106094
1855 0.1732
1855.5 0.121528
1856 0.0392335
1856.5 0.0163785
1857 0.0616632
1857.5 0.15789
1858 0.192006
1858.5 0.131811
1859 0.0451275
1859.5 0.00722438
1860 0.0128168
1860.5 0.0762638
1861 0.212447
1861.5 0.307461
1862 0.270034
1862.5 0.198183
1863 0.185846
1863.5 0.119017
1864 0.0578026
1864.5 0.094879
1865 0.219384
1865.5 0.314089
1866 0.267282
1866.5 0.141328
1867 0.0407207
1867.5 0.0128683
1868 0.0248316
1868.5 0.0282056
1869 0.0142884
1869.5 0.00494227
1870 0.00266346
1870.5 0.00197643
1871 0.00912145
1871.5 0.0249177
1872 0.0262648
1872.5 0.0102745
1873 0.00281017
1873.5 0.012356
1874 0.0293348
1874.5 0.0270554
1875 0.021945
1875.5 0.0335561
1876 0.0329099
1876.5 0.0235231
1877 0.0532723
1877.5 0.122478
1878 0.21565
1878.5 0.302751
1879 0.320181
1879.5 0.320177
1880 0.18355
1880.5 0.0833539
1881 0.145812
1881.5 0.302133
1882 0.386001
1882.5 0.328134
1883 0.189749
1883.5 0.0786938
1884 0.0965501
1884.5 0.175401
1885 0.222161
1885.5 0.267698
1886 0.231364
1886.5 0.210471
1887 0.352414
1887.5 0.484865
1888 0.479846
1888.5 0.378324
1889 0.216132
1889.5 0.0752691
1890 0.0716049
1890.5 0.152658
1891 0.149665
1891.5 0.0915117
1892 0.0774583
1892.5 0.0913181
1893 0.101916
1893.5 0.14585
1894 0.272692
1894.5 0.389075
1895 0.44781
1895.5 0.381786
1896 0.340648
1896.5 0.309273
1897 0.171825
1897.5 0.0808037
1898 0.0659245
1898.5 0.0296916
1899 0.00516326
1899.5 0.0037452
1900 0.0203043
1900.5 0.0768262
1901 0.163484
1901.5 0.192486
1902 0.107238
1902.5 0.0452498
1903 0.0877215
1903.5 0.151157
1904 0.110883
1904.5 0.0391705
1905 0.00830094
1905.5 0.0053918
1906 0.013315
1906.5 0.064878
1907 0.201486
1907.5 0.320524
1908 0.30264
1908.5 0.244146
1909 0.292932
1909.5 0.249561
1910 0.144639
1910.5 0.0982745
1911 0.0559897
1911.5 0.0661768
1912 0.0985083
1912.5 0.0742323
1913 0.0277722
1913.5 0.0236498
1914 0.0770266
1914.5 0.184517
1915 0.23785
1915.5 0.139612
1916 0.0731068
1916.5 0.183725
1917 0.415705
1917.5 0.561519
1918 0.541835
1918.5 0.371434
1919 0.147524
1919.5 0.029761
1920 0.00738862
1920.5 0.0365576
1921 0.167302
1921.5 0.390527
1922 0.528288
1922.5 0.507622
1923 0.353729
1923.5 0.152584
1924 0.178717
1924.5 0.418848
1925 0.5674
1925.5 0.498198
1926 0.350836
1926.5 0.164761
1927 0.158926
1927.5 0.22767
1928 0.197778
1928.5 0.295293
1929 0.418767
1929.5 0.349278
1930 0.207647
1930.5 0.148084
1931 0.227977
1931.5 0.360112
1932 0.473935
1932.5 0.475578
1933 0.422237
1933.5 0.294528
1934 0.408489
1934.5 0.626344
1935 0.621787
1935.5 0.457811
1936 0.335176
1936.5 0.426594
1937 0.434745
1937.5 0.346405
1938 0.347284
1938.5 0.256098
1939 0.229036
1939.5 0.360815
1940 0.456947
1940.5 0.362076
1941 0.344306
1941.5 0.555821
1942 0.729088
1942.5 0.674052
1943 0.537876
1943.5 0.45726
1944 0.349048
1944.5 0.350576
1945 0.469742
1945.5 0.548707
1946 0.578311
1946.5 0.516807
1947 0.467078
1947.5 0.44774
1948 0.46114
1948.5 0.494692
1949 0.506986
1949.5 0.529278
1950 0.552851
1950.5 0.571309
1951 0.589159
1951.5 0.548556
1952 0.491892
1952.5 0.435146
1953 0.383491
1953.5 0.385562
1954 0.360125
1954.5 0.350614
1955 0.318797
1955.5 0.303804
1956 0.298983
1956.5 0.344685
1957 0.375725
1957.5 0.348929
1958 0.337929
1958.5 0.332433
1959 0.426936
1959.5 0.578589
1960 0.614625
1960.5 0.562612
1961 0.58577
1961.5 0.573221
1962 0.540215
1962.5 0.480621
1963 0.418175
1963.5 0.438985
1964 0.487379
1964.5 0.583779
1965 0.57714
1965.5 0.535778
1966 0.602071
1966.5 0.68237
1967 0.639676
1967.5 0.579346
1968 0.647974
1968.5 0.727166
1969 0.697818
1969.5 0.722508
1970 0.753813
1970.5 0.650525
1971 0.595239
1971.5 0.657105
1972 0.74152
1972.5 0.792564
1973 0.774676
1973.5 0.691259
1974 0.75748
1974.5 0.855685
1975 0.831174
1975.5 0.814388
1976 0.885827
1976.5 0.904448
1977 0.890721
1977.5 0.902145
1978 0.907081
1978.5 0.880892
1979 0.763425
1979.5 0.653263
1980 0.691811
1980.5 0.85448
1981 0.941352
1981.5 0.947297
1982 0.91429
1982.5 0.893605
1983 0.938648
1983.5 0.964058
1984 0.937817
1984.5 0.90565
1985 0.933473
1985.5 0.944328
1986 0.845545
1986.5 0.737639
1987 0.840674
1987.5 0.936148
1988 0.959009
1988.5 0.950628
1989 0.878215
1989.5 0.771226
1990 0.802062
1990.5 0.909712
1991 0.961443
1991.5 0.963699
1992 0.964698
1992.5 0.964743
1993 0.926105
1993.5 0.869141
1994 0.882366
1994.5 0.888586
1995 0.848063
1995.5 0.82303
1996 0.770758
1996.5 0.722944
1997 0.668966
1997.5 0.570243
1998 0.560536
1998.5 0.542922
1999 0.467563
1999.5 0.415032
2000 0.392808
2000.5 0.365594
2001 0.336298
2001.5 0.299607
2002 0.256654
2002.5 0.235019
2003 0.241517
2003.5 0.24546
2004 0.237825
2004.5 0.226762
2005 0.223858
2005.5 0.260444
2006 0.339404
2006.5 0.393497
2007 0.399702
2007.5 0.416
2008 0.507745
2008.5 0.58294
2009 0.511119
2009.5 0.429688
2010 0.419468
2010.5 0.379972
2011 0.337602
2011.5 0.361973
2012 0.403527
2012.5 0.368815
2013 0.339687
2013.5 0.396114
2014 0.409142
2014.5 0.374036
2015 0.418501
2015.5 0.430603
2016 0.39421
2016.5 0.420584
2017 0.437913
2017.5 0.440556
2018 0.503178
2018.5 0.491416
2019 0.511078
2019.5 0.577867
2020 0.573376
2020.5 0.595227
2021 0.598046
2021.5 0.627068
2022 0.69684
2022.5 0.703149
2023 0.734341
2023.5 0.727997
2024 0.738759
2024.5 0.762406
2025 0.784874
2025.5 0.826389
2026 0.844387
2026.5 0.85459
2027 0.839467
2027.5 0.832018
2028 0.83936
2028.5 0.87897
2029 0.895146
2029.5 0.906936
2030 0.904325
2030.5 0.912666
2031 0.923063
2031.5 0.925533
2032 0.916616
2032.5 0.903571
2033 0.912947
2033.5 0.931503
2034 0.939856
2034.5 0.94127
2035 0.941306
2035.5 0.941056
2036 0.942455
2036.5 0.944968
2037 0.944157
2037.5 0.939396
2038 0.933979
2038.5 0.932275
2039 0.913993
2039.5 0.885259
2040 0.889475
2040.5 0.906475
2041 0.911229
2041.5 0.912479
2042 0.913827
2042.5 0.916776
2043 0.916325
2043.5 0.906027
2044 0.908876
2044.5 0.921376
2045 0.928296
2045.5 0.923414
2046 0.910094
2046.5 0.890854
2047 0.861014
2047.5 0.831388
2048 0.813583
2048.5 0.79745
2049 0.762738
2049.5 0.735223
2050 0.722674
2050.5 0.697983
2051 0.671031
2051.5 0.656581
2052 0.640076
2052.5 0.650965
2053 0.676233
2053.5 0.672566
2054 0.635411
2054.5 0.608758
2055 0.603272
2055.5 0.620751
2056 0.662723
2056.5 0.689201
2057 0.66503
2057.5 0.665192
2058 0.722626
2058.5 0.798104
2059 0.831172
2059.5 0.86017
2060 0.865415
2060.5 0.802159
2061 0.76889
2061.5 0.781945
2062 0.739511
2062.5 0.680449
2063 0.701573
2063.5 0.747475
2064 0.694396
2064.5 0.678144
2065 0.726064
2065.5 0.70614
2066 0.68166
2066.5 0.725881
2067 0.746872
2067.5 0.712564
2068 0.736508
2068.5 0.763708
2069 0.736685
2069.5 0.759225
2070 0.778948
2070.5 0.770552
2071 0.794698
2071.5 0.786353
2072 0.794796
2072.5 0.82665
2073 0.811839
2073.5 0.818104
2074 0.839435
2074.5 0.832614
2075 0.851906
2075.5 0.85508
2076 0.859623
2076.5 0.876588
2077 0.871983
2077.5 0.896648
2078 0.914156
2078.5 0.9335
2079 0.949797
2079.5 0.947719
2080 0.950608
2080.5 0.944604
2081 0.934846
2081.5 0.927597
2082 0.922225
2082.5 0.924793
2083 0.92299
2083.5 0.915178
2084 0.912012
2084.5 0.909045
2085 0.914179
2085.5 0.928897
2086 0.935208
2086.5 0.932438
2087 0.940345
2087.5 0.94316
2088 0.936419
2088.5 0.94292
2089 0.943269
2089.5 0.938272
2090 0.948666
2090.5 0.953712
2091 0.954931
2091.5 0.959827
2092 0.955672
2092.5 0.956254
2093 0.955693
2093.5 0.950305
2094 0.961787
2094.5 0.969811
2095 0.972529
2095.5 0.974543
2096 0.975649
2096.5 0.977137
2097 0.976679
2097.5 0.965493
2098 0.948306
2098.5 0.955987
2099 0.972507
2099.5 0.975532
2100 0.970817
2100.5 0.96116
2101 0.949308
2101.5 0.965244
2102 0.979365
2102.5 0.981913
2103 0.983245
2103.5 0.984402
2104 0.982198
2104.5 0.979971
2105 0.981279
2105.5 0.982141
2106 0.981377
2106.5 0.98159
2107 0.980509
2107.5 0.979588
2108 0.979624
2108.5 0.977255
2109 0.974538
2109.5 0.974406
2110 0.976254
2110.5 0.975938
2111 0.97113
2111.5 0.968741
2112 0.973194
2112.5 0.981973
2113 0.986643
2113.5 0.986501
2114 0.985844
2114.5 0.984358
2115 0.982093
2115.5 0.982032
2116 0.984086
2116.5 0.984902
2117 0.982534
2117.5 0.969432
2118 0.956087
2118.5 0.968915
2119 0.976963
2119.5 0.977453
2120 0.980519
2120.5 0.984597
2121 0.98659
2121.5 0.987911
2122 0.988838
2122.5 0.989234
2123 0.987849
2123.5 0.979051
2124 0.96967
2124.5 0.97965
2125 0.988921
2125.5 0.990606
2126 0.989113
2126.5 0.977489
2127 0.963144
2127.5 0.974391
2128 0.987827
2128.5 0.991302
2129 0.991876
2129.5 0.991946
2130 0.991873
2130.5 0.99222
2131 0.992579
2131.5 0.99235
2132 0.992067
2132.5 0.992207
2133 0.992579
2133.5 0.992862
2134 0.992883
2134.5 0.991607
2135 0.987531
2135.5 0.984936
2136 0.988794
2136.5 0.99109
2137 0.991505
2137.5 0.992063
2138 0.991831
2138.5 0.99155
2139 0.99153
2139.5 0.992046
2140 0.992694
2140.5 0.992949
2141 0.992468
2141.5 0.991295
2142 0.990309
2142.5 0.989467
2143 0.990262
2143.5 0.991579
2144 0.991716
2144.5 0.991993
2145 0.991654
2145.5 0.990596
2146 0.989541
2146.5 0.988107
2147 0.986984
2147.5 0.986085
2148 0.985517
2148.5 0.983196
2149 0.981951
2149.5 0.981487
2150 0.98029
2150.5 0.970895
2151 0.961322
2151.5 0.968063
2152 0.972504
2152.5 0.972106
2153 0.975534
2153.5 0.979325
2154 0.980782
2154.5 0.979619
2155 0.981595
2155.5 0.986415
2156 0.987811
2156.5 0.987822
2157 0.986618
2157.5 0.985712
2158 0.982875
2158.5 0.977827
2159 0.980726
2159.5 0.980994
2160 0.975748
2160.5 0.96747
2161 0.974132
2161.5 0.981363
2162 0.977837
2162.5 0.959099
2163 0.939781
2163.5 0.96506
2164 0.985547
2164.5 0.987276
2165 0.985789
2165.5 0.98139
2166 0.97338
2166.5 0.973009
2167 0.979482
2167.5 0.972928
2168 0.96226
2168.5 0.974879
2169 0.985089
2169.5 0.986388
2170 0.987832
2170.5 0.989594
2171 0.988182
2171.5 0.977955
2172 0.964252
2172.5 0.970779
2173 0.981407
2173.5 0.977552
2174 0.971228
2174.5 0.978455
2175 0.98018
2175.5 0.974978
2176 0.980937
2176.5 0.988914
2177 0.988786
2177.5 0.975372
2178 0.958297
2178.5 0.963384
2179 0.977518
2179.5 0.988221
2180 0.992237
2180.5 0.992811
2181 0.992954
2181.5 0.990503
2182 0.980198
2182.5 0.960797
2183 0.947467
2183.5 0.951925
2184 0.947566
2184.5 0.94221
2185 0.968359
2185.5 0.988155
2186 0.987302
2186.5 0.977912
2187 0.97259
2187.5 0.974618
2188 0.984172
2188.5 0.986714
2189 0.982991
2189.5 0.980965
2190 0.97766
2190.5 0.985793
2191 0.992362
2191.5 0.992933
2192 0.992395
2192.5 0.992793
2193 0.991994
2193.5 0.983024
2194 0.964357
2194.5 0.960403
2195 0.977156
2195.5 0.983789
2196 0.981826
2196.5 0.982427
2197 0.968184
2197.5 0.942526
2198 0.939789
2198.5 0.936066
2199 0.906506
2199.5 0.873092
2200 0.888314
2200.5 0.935893
2201 0.944046
2201.5 0.934713
2202 0.941116
2202.5 0.957239
2203 0.968085
2203.5 0.961481
2204 0.941563
2204.5 0.933761
2205 0.958188
2205.5 0.975513
2206 0.977773
2206.5 0.980606
2207 0.982972
2207.5 0.98778
2208 0.991062
2208.5 0.991638
2209 0.991179
2209.5 0.988095
2210 0.981339
2210.5 0.978069
2211 0.9853
2211.5 0.990329
2212 0.991031
2212.5 0.991106
2213 0.989867
2213.5 0.987129
2214 0.982995
2214.5 0.980484
2215 0.971841
2215.5 0.949316
2216 0.948437
2216.5 0.973739
2217 0.985153
2217.5 0.984098
2218 0.985141
2218.5 0.987766
2219 0.987831
2219.5 0.986201
2220 0.981786
2220.5 0.96902
2221 0.951036
2221.5 0.961983
2222 0.980152
2222.5 0.985374
2223 0.983888
2223.5 0.982585
2224 0.980094
2224.5 0.976316
2225 0.978592
2225.5 0.972326
2226 0.954139
2226.5 0.953314
2227 0.970837
2227.5 0.980305
2228 0.98311
2228.5 0.985213
2229 0.986895
2229.5 0.983568
2230 0.977343
2230.5 0.965192
2231 0.948773
2231.5 0.949224
2232 0.953165
2232.5 0.96224
2233 0.966095
2233.5 0.9736
2234 0.977469
2234.5 0.975884
2235 0.97199
2235.5 0.961588
2236 0.957482
2236.5 0.962587
2237 0.955929
2237.5 0.956878
2238 0.974163
2238.5 0.979202
2239 0.968606
2239.5 0.960324
2240 0.963527
2240.5 0.960568
2241 0.958136
2241.5 0.970264
2242 0.971449
2242.5 0.963729
2243 0.946762
2243.5 0.940694
2244 0.966618
2244.5 0.979515
2245 0.965265
2245.5 0.939315
2246 0.92117
2246.5 0.911622
2247 0.946055
2247.5 0.974063
2248 0.976619
2248.5 0.968278
2249 0.960341
2249.5 0.957205
2250 0.953705
2250.5 0.959814
2251 0.968354
2251.5 0.965221
2252 0.958111
2252.5 0.950523
2253 0.937986
2253.5 0.928892
2254 0.94597
2254.5 0.955628
2255 0.941166
2255.5 0.926532
2256 0.915446
2256.5 0.919052
2257 0.945106
2257.5 0.954492
2258 0.955887
2258.5 0.965787
2259 0.96177
2259.5 0.947053
2260 0.931972
2260.5 0.897897
2261 0.888738
2261.5 0.906566
2262 0.932941
2262.5 0.945773
2263 0.926644
2263.5 0.919643
2264 0.913545
2264.5 0.932876
2265 0.964806
2265.5 0.977916
2266 0.977349
2266.5 0.964173
2267 0.932765
2267.5 0.890571
2268 0.871912
2268.5 0.910735
2269 0.945188
2269.5 0.940709
2270 0.938059
2270.5 0.955432
2271 0.952107
2271.5 0.928877
2272 0.914414
2272.5 0.941496
2273 0.957587
2273.5 0.962269
2274 0.949996
2274.5 0.9102
2275 0.853173
2275.5 0.867314
2276 0.893138
2276.5 0.913943
2277 0.946924
2277.5 0.957564
2278 0.967762
2278.5 0.979341
2279 0.976869
2279.5 0.942894
2280 0.905872
2280.5 0.932889
2281 0.956542
2281.5 0.943297
2282 0.889339
2282.5 0.866432
2283 0.897107
2283.5 0.901083
2284 0.925062
2284.5 0.924463
2285 0.931828
2285.5 0.957369
2286 0.962062
2286.5 0.960033
2287 0.955923
2287.5 0.961696
2288 0.964073
2288.5 0.931824
2289 0.86146
2289.5 0.84714
2290 0.909312
2290.5 0.935616
2291 0.93365
2291.5 0.914647
2292 0.909828
2292.5 0.932993
2293 0.930064
2293.5 0.922705
2294 0.905931
2294.5 0.868378
2295 0.855136
2295.5 0.886945
2296 0.932898
2296.5 0.960479
2297 0.945098
2297.5 0.892366
2298 0.86918
2298.5 0.886626
2299 0.882779
2299.5 0.861131
2300 0.877101
2300.5 0.91512
2301 0.935461
2301.5 0.928939
2302 0.924057
2302.5 0.915926
2303 0.886453
2303.5 0.884512
2304 0.887603
2304.5 0.907895
2305 0.916075
2305.5 0.922258
2306 0.930821
2306.5 0.922781
2307 0.898308
2307.5 0.929716
2308 0.958502
2308.5 0.956858
2309 0.952689
2309.5 0.963602
2310 0.98216
2310.5 0.988092
2311 0.976662
2311.5 0.965603
2312 0.979823
2312.5 0.991018
2313 0.992159
2313.5 0.992203
2314 0.989422
2314.5 0.977411
2315 0.934744
2315.5 0.84464
2316 0.73777
2316.5 0.684682
2317 0.73939
2317.5 0.789492
2318 0.828437
2318.5 0.874698
2319 0.891296
2319.5 0.898815
2320 0.914682
2320.5 0.928017
2321 0.911991
2321.5 0.884843
2322 0.882001
2322.5 0.902849
2323 0.933706
2323.5 0.956186
2324 0.960608
2324.5 0.940238
2325 0.927988
2325.5 0.943766
2326 0.951089
2326.5 0.9656
2327 0.969959
2327.5 0.938021
2328 0.885907
2328.5 0.906472
2329 0.951968
2329.5 0.967112
2330 0.953901
2330.5 0.927231
2331 0.900446
2331.5 0.912615
2332 0.942537
2332.5 0.961519
2333 0.951271
2333.5 0.924833
2334 0.91218
2334.5 0.916573
2335 0.926992
2335.5 0.917741
2336 0.939174
2336.5 0.955761
2337 0.933217
2337.5 0.893647
2338 0.890706
2338.5 0.899108
2339 0.8513
2339.5 0.807482
2340 0.83741
2340.5 0.852389
2341 0.87183
2341.5 0.888438
2342 0.904824
2342.5 0.902598
2343 0.899228
2343.5 0.916575
2344 0.88923
2344.5 0.864326
2345 0.880945
2345.5 0.891638
2346 0.876539
2346.5 0.88129
2347 0.845454
2347.5 0.825997
2348 0.854241
2348.5 0.874007
2349 0.871588
2349.5 0.846136
2350 0.80594
2350.5 0.807707
2351 0.815874
2351.5 0.805559
2352 0.796239
2352.5 0.83039
2353 0.865963
2353.5 0.913051
2354 0.918923
2354.5 0.895873
2355 0.842931
2355.5 0.822541
2356 0.88396
2356.5 0.91957
2357 0.916185
2357.5 0.833929
2358 0.772449
2358.5 0.859989
2359 0.952507
2359.5 0.976929
2360 0.974455
2360.5 0.938925
2361 0.894854
2361.5 0.930516
2362 0.963802
2362.5 0.956628
2363 0.92218
2363.5 0.886362
2364 0.90463
2364.5 0.948192
2365 0.952085
2365.5 0.930103
2366 0.917029
2366.5 0.853069
2367 0.823644
2367.5 0.887088
2368 0.8949
2368.5 0.869503
2369 0.836713
2369.5 0.686807
2370 0.546833
2370.5 0.560108
2371 0.638462
2371.5 0.739752
2372 0.800283
2372.5 0.860644
2373 0.894126
2373.5 0.922882
2374 0.918935
2374.5 0.913847
2375 0.917562
2375.5 0.854895
2376 0.789425
2376.5 0.826676
2377 0.826881
2377.5 0.779089
2378 0.865721
2378.5 0.926364
2379 0.901063
2379.5 0.867466
2380 0.87203
2380.5 0.929512
2381 0.963278
2381.5 0.952252
2382 0.879111
2382.5 0.777463
2383 0.744043
2383.5 0.731487
2384 0.824757
2384.5 0.911104
2385 0.863494
2385.5 0.775653
2386 0.825116
2386.5 0.891366
2387 0.841588
2387.5 0.792415
2388 0.88283
2388.5 0.934578
2389 0.909566
2389.5 0.903012
2390 0.88586
2390.5 0.784083
2391 0.739343
2391.5 0.861163
2392 0.925873
2392.5 0.921139
2393 0.925204
2393.5 0.905311
2394 0.900286
2394.5 0.916964
2395 0.909793
2395.5 0.847101
2396 0.747603
2396.5 0.798404
2397 0.901507
2397.5 0.936784
2398 0.947339
2398.5 0.940185
2399 0.909759
2399.5 0.876983
2400 0.891771
2400.5 0.936454
2401 0.945871
2401.5 0.945106
2402 0.952886
2402.5 0.931871
2403 0.836327
2403.5 0.725552
2404 0.817456
2404.5 0.912428
2405 0.906416
2405.5 0.876613
2406 0.822903
2406.5 0.732684
2407 0.748371
2407.5 0.870758
2408 0.936178
2408.5 0.890572
2409 0.802872
2409.5 0.813201
2410 0.905378
2410.5 0.909911
2411 0.846916
2411.5 0.880489
2412 0.940334
2412.5 0.931664
2413 0.834889
2413.5 0.760519
2414 0.821972
2414.5 0.8218
2415 0.644242
2415.5 0.562228
2416 0.756183
2416.5 0.901808
2417 0.899404
2417.5 0.762797
2418 0.534076
2418.5 0.473834
2419 0.643879
2419.5 0.850765
2420 0.942601
2420.5 0.95505
2421 0.929413
2421.5 0.893157
2422 0.920492
2422.5 0.933668
2423 0.856506
2423.5 0.767058
2424 0.838799
2424.5 0.895454
2425 0.868781
2425.5 0.802654
2426 0.831973
2426.5 0.90977
2427 0.942566
2427.5 0.961757
2428 0.966799
2428.5 0.959479
2429 0.954511
2429.5 0.958803
2430 0.96782
2430.5 0.968952
2431 0.967582
2431.5 0.947419
2432 0.86725
2432.5 0.782131
2433 0.817312
2433.5 0.827535
2434 0.670382
2434.5 0.452326
2435 0.345368
2435.5 0.375593
2436 0.56046
2436.5 0.802836
2437 0.921841
2437.5 0.951225
2438 0.963951
2438.5 0.971118
2439 0.970925
2439.5 0.967109
2440 0.967802
2440.5 0.969283
2441 0.963628
2441.5 0.930758
2442 0.86829
2442.5 0.866353
2443 0.921583
2443.5 0.944414
2444 0.925248
2444.5 0.834164
2445 0.610574
2445.5 0.454958
2446 0.554798
2446.5 0.607728
2447 0.681942
2447.5 0.747289
2448 0.858747
2448.5 0.899664
2449 0.762424
2449.5 0.548966
2450 0.487625
2450.5 0.440024
2451 0.550541
2451.5 0.771758
2452 0.885529
2452.5 0.854643
2453 0.759981
2453.5 0.690381
2454 0.625172
2454.5 0.778966
2455 0.919152
2455.5 0.944538
2456 0.94321
2456.5 0.95335
2457 0.961785
2457.5 0.96303
2458 0.955283
2458.5 0.942426
2459 0.945894
2459.5 0.958146
2460 0.95367
2460.5 0.928696
2461 0.873352
2461.5 0.688474
2462 0.47263
2462.5 0.586668
2463 0.779915
2463.5 0.823709
2464 0.853642
2464.5 0.917397
2465 0.940125
2465.5 0.930957
2466 0.927452
2466.5 0.847997
2467 0.733983
2467.5 0.784747
2468 0.856222
2468.5 0.902637
2469 0.921395
2469.5 0.91015
2470 0.880728
2470.5 0.777069
2471 0.522285
2471.5 0.228152
2472 0.186825
2472.5 0.401126
2473 0.703159
2473.5 0.862066
2474 0.868229
2474.5 0.820257
2475 0.838558
2475.5 0.902739
2476 0.91081
2476.5 0.860733
2477 0.833388
2477.5 0.812316
2478 0.754628
2478.5 0.743488
2479 0.691264
2479.5 0.607099
2480 0.502482
2480.5 0.475812
2481 0.526516
2481.5 0.703054
2482 0.776409
2482.5 0.696756
2483 0.489537
2483.5 0.294474
2484 0.423717
2484.5 0.687364
2485 0.796768
2485.5 0.738366
2486 0.617265
2486.5 0.486307
2487 0.311176
2487.5 0.278017
2488 0.425829
2488.5 0.576321
2489 0.640184
2489.5 0.660656
2490 0.654531
2490.5 0.621569
2491 0.528949
2491.5 0.435293
2492 0.533412
2492.5 0.583255
2493 0.54119
2493.5 0.354491
2494 0.160737
2494.5 0.245477
2495 0.535627
2495.5 0.669653
2496 0.646597
2496.5 0.692478
2497 0.700037
2497.5 0.698315
2498 0.747052
2498.5 0.709365
2499 0.7279
2499.5 0.76393
2500 0.564234